-0.50 -0.10
0.20 0.00
0.00 1.50
-0.20 1.90
0.80 2.20
0.70 3.00
1.00 4.20
0.60 5.30
0.90 5.70
0.80 7.30
2.10 7.50
1.90 -0.10
2.90 -0.10
4.50 -0.20
5.50 0.10
6.50 1.00
7.10 2.20
5.90 3.50
5.60 4.70
5.90 6.20
5.70 7.20
7.20 7.30
7.90 6.00
7.90 5.30
6.70 5.20
7.40 4.00
6.70 3.70
6.40 8.50
7.10 8.60
6.10 2.10
6.60 -0.30
7.20 -1.70
6.10 -1.60
6.80 -2.40
5.20 -2.20
4.60 -2.00
4.20 -2.50
3.90 -3.20
3.40 -3.40
3.20 -4.30
3.30 -5.10
3.30 -6.10
3.90 -6.50
4.70 -7.10
5.40 -7.20
5.90 -7.20
7.00 -6.90
7.10 -5.80
7.80 -5.60
8.50 -5.60
9.30 -5.40
9.50 -4.60
8.80 -4.40
7.90 -3.90
7.40 -3.40
7.00 -8.30
7.00 -9.00
5.40 -9.10
4.80 -9.50
5.00 -10.00
5.90 -10.30
7.00 -10.30
7.70 -9.80
8.40 -10.00
9.20 -10.10
9.60 -9.60
10.60 -10.10
10.70 -9.30
11.30 -9.80
12.40 -9.30
12.90 -10.00
13.90 -9.50
13.70 -10.20
13.80 -11.30
14.20 -12.20
13.40 -12.90
14.80 -9.60
15.70 -9.70
16.70 -11.20
16.70 -12.30
17.10 -13.90
16.70 -14.20
17.20 -9.60
18.00 -8.80
17.80 -7.80
18.30 -7.30
18.00 -6.40
18.20 -5.30
17.30 -5.30
18.70 -9.70
20.10 -9.70
20.30 -11.20
20.80 -12.70
19.70 -15.20
22.70 -12.70
21.70 -13.30
21.50 -12.20
21.80 -9.40
22.90 -10.20
23.90 -9.40
21.70 -8.80
22.60 -6.90
22.90 -6.20
21.70 -6.80
24.30 -7.30
25.40 -7.00
24.90 -6.00
21.90 -4.50
23.80 -4.30
21.70 -3.30
22.90 -2.70
25.00 -3.80
25.50 -2.30
24.40 -2.70
23.50 -1.10
24.70 0.40
22.30 -0.50
21.30 -1.10
18.80 -2.70
17.60 -3.20
18.50 -1.30
17.10 0.00
13.00 0.00
13.40 2.30
12.40 3.40
11.40 3.60
11.10 4.30
12.60 5.40
11.40 7.30
10.70 7.60
10.90 5.50
12.20 1.40
17.00 1.60
18.00 2.40
14.90 2.50
14.60 3.60
15.70 4.70
17.60 5.20
18.40 5.20
20.00 4.10
20.70 2.10
22.30 2.40
23.30 1.90
20.50 0.20
5.60 -4.80
20.10 -1.90
20.20 -4.80
20.10 -7.70
8.60 -0.10
10.80 -0.20
14.70 -0.20
