-36.00 -9.90
-35.90 -9.40
-36.50 -9.20
-35.90 -8.70
-34.80 -8.80
-34.10 -9.20
-33.50 -8.90
-32.60 -8.90
-37.20 -6.90
-36.00 -6.80
-36.30 -6.00
-35.30 -6.90
-34.40 -6.90
-33.50 -7.20
-33.90 -5.90
-32.90 -5.90
-33.40 -6.40
-32.80 -6.80
-31.40 -7.00
-31.40 -8.40
-30.70 -6.40
-31.60 -5.20
-33.70 -4.10
-34.10 -3.30
-35.90 -3.40
-36.40 -2.50
-37.40 -2.50
-35.60 -2.60
-34.30 -2.60
-33.20 -2.60
-31.70 -2.40
-31.30 -3.80
-30.70 -2.30
-31.40 -0.60
-29.80 0.30
-32.80 0.90
-32.70 -0.60
-34.20 -0.60
-36.70 -0.70
-36.30 -0.30
-35.40 -0.50
-21.60 -5.10
-20.90 -5.30
-20.00 -5.70
-19.00 -5.70
-17.90 -5.50
-17.30 -5.80
-17.60 -4.70
-17.60 -3.90
-17.60 -2.90
-18.10 -1.80
-19.40 -1.80
-20.80 -1.80
-21.60 -3.80
-21.50 -2.90
-20.90 -2.50
-21.10 -0.10
-24.10 0.40
-28.60 0.40
-27.30 0.40
-26.00 0.40
-22.60 0.50
-20.50 1.60
-26.70 1.60
-26.90 2.90
-26.70 5.20
-26.90 6.20
-23.80 6.30
-25.20 6.60
-23.10 6.80
-22.00 6.80
-25.50 4.70
-24.80 3.20
-24.00 3.70
-22.60 3.90
-22.30 2.80
-22.10 4.80
-16.40 -11.40
-16.90 -10.70
-17.50 -9.20
-16.30 -9.00
-17.20 -8.60
-15.60 -8.80
-16.00 -10.80
-13.20 -11.60
-12.60 -11.70
-14.20 -10.50
-14.60 -8.20
-13.60 -8.30
-12.50 -8.60
-11.20 -8.00
-11.30 -8.70
-10.30 -8.10
-9.40 -9.10
-8.80 -8.50
-9.50 -10.50
-9.00 -11.40
-10.00 -11.60
-10.80 -11.90
-11.60 -11.10
-15.20 -7.00
-14.40 -7.10
-13.00 -7.20
-13.00 -5.80
-13.00 -3.70
-15.40 -4.80
-15.40 -6.10
-15.30 -3.60
-14.60 -2.90
-13.20 -2.80
-13.70 -1.90
-14.00 0.00
-18.80 0.00
-15.90 0.10
-16.30 2.20
-17.80 2.40
-17.30 3.60
-18.50 1.60
-18.70 2.80
-18.80 4.00
-18.00 4.50
-18.40 5.30
-18.40 6.20
-16.30 5.50
-10.30 9.20
-9.90 10.00
-10.90 10.80
-10.30 11.00
-10.90 12.10
-10.30 12.10
-10.50 13.00
-9.70 12.80
-9.90 13.80
-20.80 3.50
-20.80 5.10
-20.70 7.30
-20.50 9.00
-20.50 11.00
-20.50 12.90
-20.50 14.30
-19.30 15.20
-12.00 0.20
-9.90 0.60
-7.80 0.50
-7.80 -1.30
-8.10 -3.70
-7.50 -5.40
-7.50 -7.20
-7.50 -9.60
-3.80 -9.90
-3.20 -10.00
-2.30 -9.00
-2.30 -8.40
-3.50 -8.90
-4.10 -8.10
-4.60 -9.20
-5.80 -8.80
-4.80 -9.70
-6.20 -9.60
-5.20 -12.90
-5.90 -13.30
-4.80 -13.80
-3.90 -14.00
-2.60 -14.30
-2.00 -13.70
-7.70 -11.90
-7.70 -13.80
-7.60 -15.50
-22.00 -11.80
-22.40 -11.20
-23.40 -11.90
-23.90 -11.20
-24.80 -12.10
-25.10 -11.60
-26.90 -11.80
-26.70 -10.70
-28.30 -10.70
-29.20 -11.00
-30.50 -11.10
-30.00 -9.20
-28.50 -9.00
-25.70 -9.20
-23.20 -9.20
-21.00 -9.20
-20.50 -11.40
-20.70 -13.30
-20.70 -15.30
-19.70 -16.30
-18.30 -16.60
-16.40 -16.70
-14.50 -16.20
-12.10 -16.80
-9.90 -16.20
-20.50 -21.60
-19.40 -22.10
-19.70 -20.90
-19.50 -19.90
-20.30 -19.60
-20.30 -18.70
-20.70 -17.80
-17.30 -22.30
-16.80 -21.40
-17.10 -20.30
-17.10 -19.30
-18.10 -18.40
-17.10 -18.40
-16.70 -17.60
-12.90 -21.90
-13.20 -21.10
-14.20 -21.10
-13.10 -20.30
-14.60 -19.00
-13.40 -19.10
-13.90 -18.60
-12.70 -19.70
-12.90 -18.80
-13.00 -17.60
-9.50 -22.50
-10.30 -22.50
-11.10 -22.40
-10.80 -21.60
-9.90 -21.40
-10.80 -20.50
-11.70 -20.40
-11.10 -19.70
-11.30 -18.80
-9.80 -18.90
-11.30 -17.50
-7.70 -18.30
-6.60 -18.40
-6.70 -21.50
-6.50 -22.10
-3.90 -22.50
-4.70 -21.90
-5.50 -21.40
-5.00 -20.60
-5.60 -20.20
-5.40 -18.80
-4.00 -18.80
-3.80 -17.80
5.50 -22.20
5.50 -21.30
5.00 -20.50
5.50 -20.10
4.90 -19.40
5.10 -18.70
5.90 -17.90
2.90 -22.10
1.90 -21.70
0.40 -21.80
-0.50 -21.30
-1.80 -22.70
-1.80 -21.40
-1.90 -20.10
-2.20 -19.20
-1.20 -18.30
-1.40 -19.10
2.80 -21.10
2.80 -20.00
2.80 -19.20
1.80 -19.00
0.70 -18.50
-0.20 -18.80
-0.40 -17.20
-5.50 -16.20
-2.10 -16.30
8.60 -21.40
7.60 -20.70
8.10 -20.00
7.50 -19.20
7.10 -18.40
8.00 -18.50
6.80 -17.30
11.70 -22.50
11.40 -21.30
10.50 -21.10
11.30 -20.70
11.70 -19.40
11.00 -19.00
11.50 -18.10
10.70 -18.20
10.90 -17.10
13.80 -21.60
14.80 -21.30
14.30 -20.70
14.40 -19.90
15.00 -19.20
14.60 -18.50
14.70 -18.00
13.20 -17.80
15.10 -16.60
18.00 -22.50
18.50 -21.70
18.70 -20.50
18.50 -19.10
18.90 -18.30
21.40 -21.40
20.40 -22.20
20.50 -21.00
20.50 -19.60
22.50 -19.10
21.30 -19.20
20.50 -18.30
27.50 -11.20
26.80 -11.20
27.20 -12.20
26.20 -12.50
27.10 -13.10
26.20 -13.90
25.40 -13.90
24.60 -14.90
24.20 -13.60
23.40 -14.30
19.50 -11.40
18.20 -11.50
17.00 -10.90
17.80 -10.40
17.30 -9.30
18.20 -9.00
17.50 -8.50
16.90 -10.00
16.10 -10.60
15.20 -11.60
11.90 -10.60
11.90 -9.50
12.50 -10.30
13.20 -10.80
14.60 -10.80
14.40 -8.90
14.40 -9.80
14.90 -10.20
9.10 -11.10
7.10 -11.20
8.10 -11.10
7.60 -10.00
8.80 -9.80
9.20 -8.90
8.20 -9.30
7.60 -9.20
6.60 -9.00
5.40 -9.30
4.20 -9.20
3.20 -9.60
0.50 -10.00
0.40 -8.30
0.40 -14.70
0.80 -13.70
0.80 -11.90
2.00 -12.00
3.10 -13.10
2.30 -14.80
2.90 -14.40
4.40 -14.20
5.60 -14.40
6.40 -14.20
6.30 -12.90
5.40 -12.70
4.00 -12.70
1.60 -10.90
2.90 -10.90
1.90 -10.20
1.10 -16.20
3.70 -16.50
8.30 -16.30
12.50 -16.40
17.80 -16.50
20.10 -16.50
21.60 -14.80
21.60 -13.00
21.20 -10.90
21.40 -8.40
21.40 -6.40
21.30 -4.20
21.20 -2.30
19.80 0.10
-5.90 0.20
-3.60 0.00
-2.10 -0.10
-4.00 1.10
-0.40 0.00
0.50 0.40
2.70 0.00
4.20 0.20
6.60 0.10
10.20 0.10
12.80 0.10
15.80 0.00
17.30 0.00
4.70 1.70
5.40 1.70
5.00 3.80
-7.50 1.80
-7.40 3.70
-7.50 5.30
-7.40 7.10
-7.40 9.10
-7.30 11.70
-7.40 13.60
-7.20 14.70
-17.50 14.90
-15.00 15.00
-12.90 15.00
-10.30 14.90
-8.90 14.90
18.20 1.80
18.10 3.40
17.90 5.20
18.00 7.50
18.10 9.20
18.10 11.20
18.20 13.00
18.20 14.60
-5.50 14.80
-2.80 14.60
-0.80 14.60
2.40 14.70
5.80 14.90
7.80 14.70
11.50 14.70
13.30 14.70
15.30 14.70
-3.90 2.50
-6.20 1.60
-5.90 2.60
-5.10 3.00
-5.50 4.40
-4.90 5.50
-4.00 5.10
-3.50 3.60
-2.90 2.90
-3.10 0.90
-1.70 1.20
-1.20 2.30
-1.70 3.10
0.10 2.60
0.50 1.50
0.30 3.90
-0.80 4.80
-1.90 5.00
-2.80 5.20
-0.90 6.10
-3.80 6.30
-2.70 6.30
-6.00 9.10
-5.00 9.60
-4.20 9.60
-5.00 11.00
-3.90 11.00
-5.10 12.30
-4.10 12.30
-1.90 9.40
-1.20 9.40
-0.10 9.40
1.30 9.40
1.70 10.40
1.70 12.20
1.50 13.10
0.40 13.40
-1.00 13.10
-1.60 12.20
-1.60 10.90
3.90 9.80
3.60 10.70
4.40 10.70
3.20 11.80
4.10 12.00
3.70 13.40
4.90 13.40
8.00 6.30
8.60 6.80
7.70 7.40
7.80 8.70
7.00 9.40
7.90 9.50
7.20 10.40
8.70 10.70
7.10 11.50
8.20 11.80
7.10 12.60
8.30 12.80
5.90 13.20
11.00 2.50
11.90 2.40
13.00 2.80
14.10 2.60
15.70 2.30
15.00 3.10
11.30 3.50
12.90 3.60
11.80 4.20
12.90 4.80
11.20 6.70
11.90 7.10
12.20 5.90
13.10 7.20
13.10 6.00
14.20 7.10
15.40 7.10
16.40 7.10
14.50 6.30
20.60 0.80
22.40 0.90
19.50 3.40
19.70 4.40
22.50 3.30
22.10 4.20
22.70 4.80
20.80 4.70
20.40 5.60
19.60 6.70
20.60 7.20
23.10 6.70
22.20 7.40
19.60 9.90
19.90 10.90
22.30 10.00
21.90 10.70
21.30 11.60
22.40 13.20
21.70 12.40
20.40 11.80
20.20 12.50
19.60 13.50
-19.50 16.20
-20.10 16.50
-20.70 18.10
-21.40 16.80
-19.50 17.50
-19.50 18.90
-20.40 19.00
-19.60 20.00
-20.70 20.10
-19.20 20.80
-16.10 16.20
-16.90 16.50
-17.60 16.10
-17.50 17.10
-17.10 17.50
-17.60 18.40
-17.60 19.20
-17.70 20.50
-16.40 20.80
-16.30 20.20
-14.80 16.30
-14.90 17.80
-13.20 17.70
-13.10 16.60
-13.10 18.60
-13.60 19.60
-13.00 19.90
-11.30 15.90
-10.90 16.60
-9.40 16.70
-9.40 17.70
-11.40 17.30
-11.20 18.80
-10.80 19.40
-10.30 20.10
-11.30 20.00
-8.10 16.10
-6.40 16.30
-7.50 17.10
-6.40 17.80
-7.90 17.80
-7.10 18.40
-7.90 18.70
-7.90 19.30
-7.90 20.00
-3.40 15.50
-4.70 16.20
-3.80 16.30
-4.30 17.00
-3.50 17.10
-3.60 18.10
19.70 14.40
22.30 14.30
21.30 15.50
21.70 16.60
22.40 17.10
20.70 16.60
20.70 17.40
20.70 18.90
21.80 19.60
20.70 19.90
17.80 20.70
18.70 20.60
18.70 19.60
18.80 18.10
17.80 16.70
18.60 16.30
14.50 16.60
16.20 16.30
15.80 17.90
15.10 17.70
14.30 18.50
15.60 18.80
14.60 19.70
15.50 20.60
14.10 20.50
12.20 16.60
10.60 16.50
11.70 17.90
12.30 17.50
12.40 19.10
11.40 20.10
12.30 20.00
9.40 16.10
8.60 17.30
8.50 16.40
8.20 18.30
8.00 19.40
8.00 20.20
9.10 20.20
6.50 17.80
6.60 16.30
4.90 16.20
4.80 17.40
4.80 18.60
4.70 19.60
5.70 20.00
3.10 20.60
2.80 19.60
1.70 20.20
2.70 18.50
2.90 17.30
1.50 17.70
1.00 16.20
2.10 16.20
0.10 16.50
-1.50 16.40
-0.80 17.70
-1.60 17.50
-1.50 18.60
-1.20 19.70
-1.60 20.10
-3.50 20.40
-4.50 20.70
-3.70 19.30
