-28.60 -0.20
-28.50 -3.30
-28.40 -2.20
-26.70 -3.20
-26.20 -2.40
-26.50 -1.80
-26.90 -0.50
-26.20 -0.30
-25.00 -0.20
-23.80 -0.10
-22.60 -0.10
-22.60 -1.40
-22.70 -2.10
-22.60 -3.60
-24.80 -3.70
-24.30 -2.60
-23.90 -3.10
-23.50 -2.00
-20.00 -3.30
-18.90 -3.20
-18.30 -2.90
-18.30 -2.10
-19.40 -1.60
-20.30 -1.70
-20.70 -2.30
-21.20 -0.40
-29.20 1.70
-28.00 1.70
-28.30 2.90
-29.00 3.10
-29.00 4.50
-29.00 6.20
-28.20 6.30
-28.40 7.30
-27.00 7.20
-25.90 7.40
-25.30 6.50
-25.70 6.50
-25.30 5.30
-25.50 4.50
-25.60 3.70
-25.90 2.90
-25.60 1.60
-26.10 1.90
-27.10 2.30
-24.80 4.30
-24.60 5.20
-23.80 4.80
-23.60 4.10
-23.40 0.80
-22.70 1.10
-22.70 2.00
-22.40 3.40
-22.60 4.50
-20.60 2.10
-20.70 2.80
-21.00 3.70
-20.70 4.50
-21.30 5.40
-22.20 5.60
-22.80 6.10
-22.70 7.20
-22.90 8.10
-23.20 9.00
-23.20 10.20
-24.20 10.50
-25.00 10.50
-25.20 9.90
-26.30 9.80
-27.10 9.50
-27.70 9.90
-28.70 9.80
-29.20 8.70
-28.60 12.20
-28.00 12.30
-26.70 12.40
-26.40 11.70
-28.70 10.70
-28.50 11.10
-28.00 10.80
-26.80 10.80
-26.10 10.90
-24.20 13.00
-23.50 12.60
-22.90 12.50
-22.20 12.60
-21.30 12.40
-23.80 10.80
-20.60 6.30
-19.30 6.50
-19.40 7.50
-21.30 7.50
-16.90 7.40
-17.80 7.00
-16.80 6.60
-18.80 6.90
-17.40 9.10
-16.70 9.90
-18.00 11.00
-20.30 10.90
-18.50 12.50
-18.10 12.50
-19.40 12.60
-17.10 12.10
-15.70 12.50
-16.10 -3.40
-15.50 -3.90
-14.70 -3.50
-13.80 -3.50
-13.80 -2.40
-21.30 0.60
-19.80 0.80
-20.00 -0.10
-18.50 -0.10
-18.40 0.60
-16.60 -0.10
-16.40 0.40
-15.70 -0.60
-15.00 -0.20
-15.40 -1.90
-14.30 -1.30
-12.90 -1.70
-11.80 0.00
-12.50 0.20
-14.20 0.10
-11.50 -1.10
-12.70 -3.70
-11.90 -3.20
-11.30 -2.40
-10.90 -3.80
-10.20 -3.80
-9.10 -3.30
-9.00 -2.30
-9.80 -1.90
-9.50 -0.90
-8.70 -0.70
-8.10 -0.60
-7.60 -0.30
-7.10 0.20
-6.50 0.30
-5.80 0.40
-5.60 -0.50
-4.80 -1.20
-4.00 -0.80
-3.60 -0.50
-3.00 -1.30
-2.30 -1.20
-7.80 -1.80
-8.10 -2.70
-8.00 -3.40
-7.10 -3.30
-6.20 -3.50
-5.30 -3.30
-4.50 -2.40
-6.70 -1.10
-4.00 -3.00
-3.10 -3.90
-2.10 -3.50
-1.50 -3.30
-1.50 -2.10
-3.60 -1.80
-0.70 -3.80
-0.20 -2.80
0.70 -2.40
-0.40 -1.10
-1.60 -0.20
-0.90 0.40
0.30 0.30
1.80 0.10
1.10 -3.80
2.70 -4.10
3.00 -3.20
1.60 -2.90
2.50 -1.70
1.10 -1.50
3.50 0.30
5.60 0.20
4.50 -2.80
4.50 -1.80
6.00 -3.30
6.30 -2.10
5.90 -1.30
6.60 0.10
7.80 -3.90
9.80 -4.10
9.90 -2.60
7.60 -2.40
8.80 -1.90
8.20 -2.40
10.00 -2.00
10.10 -1.00
10.50 -0.20
11.60 -4.00
11.10 -3.40
11.60 -2.20
14.40 -3.90
14.10 -3.20
16.50 -2.90
16.20 -2.30
15.20 -2.50
14.10 -2.40
13.00 -2.60
12.20 -2.10
11.50 -1.20
14.90 -0.50
16.10 -0.70
16.50 0.50
15.50 0.80
15.70 0.00
14.80 0.40
13.60 0.60
12.30 0.40
12.60 -0.20
10.80 -0.10
11.60 0.00
8.40 0.00
9.40 0.10
8.50 0.80
12.20 1.20
-15.70 1.70
-14.90 2.00
-15.80 3.70
-14.60 4.00
-15.90 5.30
-15.00 5.60
-13.60 6.90
-12.10 6.80
-11.00 6.80
-9.60 6.60
-7.00 6.60
-5.40 6.80
-2.60 6.80
0.30 6.80
-4.30 7.10
1.70 6.90
2.00 2.20
2.70 3.20
2.20 4.70
2.90 5.50
3.50 6.60
-13.00 3.80
-13.30 3.20
-12.70 2.50
-11.20 2.20
-10.10 2.40
-8.80 1.90
-8.20 2.60
-8.00 3.70
-7.50 3.80
-8.40 5.00
-12.60 5.20
-11.90 4.90
-10.70 5.20
-9.80 5.10
-7.80 6.10
-12.90 6.20
-3.20 3.10
-2.70 3.70
-2.90 5.30
-0.90 2.30
-0.40 2.50
-0.70 3.40
-0.10 3.50
-0.40 4.00
-0.10 5.10
-0.90 6.00
-5.50 1.90
-5.90 3.30
-5.30 3.70
-5.70 4.40
-5.10 4.40
-6.30 5.50
5.30 1.90
5.80 2.10
5.80 3.10
6.10 3.20
5.30 3.60
6.50 5.00
5.20 5.50
8.00 2.20
8.80 2.20
10.20 2.50
10.70 2.90
9.00 3.10
8.00 4.60
8.20 5.40
9.30 3.80
10.20 3.90
10.10 4.50
4.90 7.10
7.10 6.60
8.00 7.30
10.30 6.90
11.50 7.40
12.60 6.20
12.80 4.00
12.50 2.80
13.00 1.80
13.30 2.80
14.40 2.30
14.70 3.20
15.70 3.00
16.60 3.90
17.20 4.10
15.80 4.40
15.10 3.70
14.20 4.20
14.10 6.20
14.80 6.30
15.20 7.10
15.30 7.90
17.10 6.30
16.50 6.80
16.60 8.00
13.00 7.90
12.20 8.60
11.40 8.50
10.70 8.70
10.00 9.10
9.40 9.60
6.40 8.70
5.10 8.90
4.70 10.70
4.80 12.00
6.30 12.60
8.00 11.70
8.30 11.30
9.00 11.30
10.10 11.40
10.70 12.10
11.40 12.70
11.40 11.20
11.90 10.70
11.90 9.70
13.40 8.80
13.20 9.60
13.90 9.90
13.70 11.00
12.90 12.20
14.00 11.60
14.50 10.50
16.50 11.20
16.30 12.20
15.80 12.90
16.70 12.30
15.70 11.50
2.40 8.30
2.30 10.10
2.60 10.40
2.10 12.30
2.70 12.70
1.90 14.40
2.20 16.50
2.60 18.00
2.20 19.10
0.70 17.70
-1.40 20.90
-1.70 19.70
-11.80 21.10
-11.80 19.80
-11.50 17.30
-10.70 18.20
-9.70 17.50
-9.00 18.30
-7.40 17.50
-6.70 18.40
-5.10 17.60
-4.50 18.50
-2.70 17.70
-1.70 18.40
-0.90 17.60
-13.30 18.00
-13.10 16.70
-15.10 17.10
-15.40 18.00
-15.50 19.10
-14.60 15.60
-15.50 15.60
-14.80 14.20
-14.90 11.00
-15.20 8.70
-15.60 7.00
-14.70 7.70
-13.50 9.50
-14.90 9.40
-12.60 8.90
-12.70 10.10
-12.30 10.80
-13.30 11.20
-12.90 12.10
-12.40 13.00
-12.40 13.80
-12.40 15.60
-12.90 16.20
-13.80 16.10
-11.00 16.10
-10.30 15.60
-10.80 14.90
-10.60 14.10
-10.20 13.60
-9.70 13.00
-10.30 14.50
-10.60 8.60
-10.70 9.30
-8.80 8.70
-9.10 9.60
-8.20 9.10
-8.20 10.90
-8.80 11.60
-9.50 11.00
-6.30 8.40
-6.30 9.90
-6.30 10.90
-6.20 11.70
-5.60 9.60
-5.80 10.90
-1.90 7.90
-2.70 8.70
-2.70 9.90
-2.60 11.00
-2.50 11.60
-3.20 11.40
-3.30 12.20
-3.40 13.80
-3.40 14.40
-3.60 15.10
-2.20 15.50
-1.30 15.40
0.40 15.10
-0.50 13.90
-1.30 13.20
