-4.20 -24.40
-4.10 -21.60
-6.60 -23.90
-6.50 -21.70
-3.50 -17.80
-6.50 -18.90
-6.50 -17.00
-4.40 -10.60
-6.60 -14.00
-6.70 -12.00
-6.70 -8.70
-4.30 -8.60
-6.50 -5.30
-4.40 -3.70
-7.00 -0.10
-4.60 -0.70
-4.30 1.80
-6.90 5.10
-3.80 3.80
-4.10 6.40
-4.20 9.40
-0.60 9.90
-0.40 12.20
2.60 12.60
2.30 10.10
2.80 7.00
-3.90 14.00
-4.00 17.50
-6.50 14.10
-6.40 10.90
-6.70 19.20
-4.20 20.60
-4.60 23.40
-0.40 20.00
-0.10 18.10
1.40 20.20
3.60 19.90
5.30 20.40
13.50 20.40
11.90 18.70
9.20 20.00
9.70 17.20
9.80 14.50
10.90 14.10
11.40 10.20
9.40 8.80
4.90 7.10
7.10 7.10
11.70 6.40
16.30 -4.70
20.30 6.40
20.20 3.30
20.50 -1.60
20.70 -5.60
20.00 -9.20
14.40 -11.40
12.10 -12.80
13.30 -14.40
14.30 -13.60
18.90 -11.00
12.10 -24.10
13.90 -24.00
11.30 -19.40
13.10 -20.60
14.90 -20.30
13.20 -16.40
15.10 -16.30
-1.30 -24.60
1.00 -23.60
7.70 -25.00
9.40 -25.10
7.60 -22.50
7.70 -23.40
7.60 -19.80
7.60 -17.90
1.40 -21.60
1.30 -18.50
1.50 -15.80
0.60 -13.20
2.90 -15.00
7.80 -15.00
7.90 -12.80
3.40 -12.80
5.40 -13.90
2.70 -11.20
4.80 -10.90
16.50 -8.30
14.10 -7.30
15.90 3.90
14.10 3.10
11.10 2.20
7.90 2.20
4.70 2.20
0.30 2.30
2.40 2.50
0.50 -6.50
3.40 -6.20
5.60 -6.50
8.80 -6.60
11.00 -6.70
-0.70 -4.20
-0.40 -2.20
-0.30 -0.90
1.50 -4.00
1.50 -1.80
1.50 -0.50
