-19.80 -0.90
-18.90 -0.50
-17.80 -1.00
-19.10 0.50
-19.80 1.10
-19.20 1.80
-18.20 2.00
-16.30 -1.10
-15.90 -1.00
-15.10 -0.20
-15.90 0.00
-15.00 0.70
-15.60 0.60
-14.70 1.50
-16.50 2.00
-15.30 2.20
-12.30 -0.50
-12.40 0.40
-13.00 1.10
-12.10 1.80
-12.90 1.90
-14.10 2.20
-14.70 3.90
-10.60 -0.10
-10.30 1.10
-10.40 2.80
-9.20 2.20
-9.70 4.00
-16.60 3.80
-15.70 4.40
-20.70 3.60
-19.70 4.20
-19.90 4.90
-18.50 4.10
-17.80 4.20
-18.70 4.90
-17.10 4.80
-16.60 5.50
-20.30 6.50
-20.60 7.50
-19.30 6.70
-19.50 7.40
-18.50 7.40
-17.50 7.40
-16.00 7.30
-17.50 6.70
-15.90 9.60
-16.60 10.20
-19.20 10.40
-20.10 9.90
-18.10 10.50
-17.30 11.00
-17.70 12.40
-15.90 13.40
-17.90 13.50
-19.20 13.60
-20.60 13.70
-20.20 13.10
-18.50 12.90
-19.80 37.10
-19.70 38.00
-19.70 39.30
-19.10 39.90
-17.50 40.20
-16.20 40.50
-16.30 38.90
-15.70 38.30
-17.40 37.10
-17.00 38.40
-16.30 37.40
-18.80 36.70
-19.60 33.60
-19.80 34.90
-18.70 34.40
-17.50 34.50
-16.30 34.60
-15.10 34.00
-19.70 31.40
-18.50 31.60
-17.10 31.60
-16.40 32.00
-19.70 32.60
-18.50 32.50
-17.50 32.20
-19.50 27.90
-19.60 28.90
-18.60 28.90
-18.50 27.90
-17.40 28.50
-16.30 28.20
-14.80 28.00
-19.70 26.60
-19.60 25.40
-18.90 25.30
-17.10 25.30
-18.10 25.80
-17.20 26.50
-16.60 25.80
-15.90 26.10
-15.80 23.50
-15.90 22.20
-17.70 22.50
-17.90 23.40
-19.00 23.30
-20.50 21.90
-19.10 22.30
-20.50 23.20
-19.70 19.30
-18.60 19.10
-17.70 18.30
-16.50 19.10
-16.80 20.30
-18.10 20.20
-19.40 20.30
-19.20 15.50
-20.00 15.80
-19.00 16.80
-17.90 16.60
-18.50 15.90
-17.30 15.60
-16.10 15.70
-3.20 -1.40
-2.60 -1.10
-3.10 -0.40
-2.80 0.40
-3.90 0.40
-0.30 -2.00
-0.20 -0.90
-0.50 0.10
0.30 0.90
-0.70 1.40
-2.20 2.00
-4.20 1.90
-1.80 3.70
0.20 4.80
-0.90 5.20
-2.00 5.20
-3.70 4.40
-0.60 6.90
0.40 7.80
-0.50 7.90
-1.40 7.40
-2.20 7.60
-3.60 7.60
-1.50 8.20
-0.40 9.50
-0.10 10.50
-1.80 9.70
-2.00 10.50
-3.50 10.40
-3.50 9.60
0.80 12.90
-0.30 13.40
-2.70 12.80
-3.50 13.70
-1.60 13.60
-2.20 14.20
-0.80 14.00
0.80 16.80
-0.20 15.70
-1.20 15.80
-1.80 16.60
-3.40 15.90
-2.90 16.50
1.10 18.70
0.10 19.30
-0.90 20.30
-1.30 19.80
-2.40 19.20
-1.90 20.20
-3.20 19.80
0.20 22.30
-0.40 22.00
-1.80 22.40
-2.90 22.00
-3.70 22.30
-4.70 21.80
-5.00 20.00
-0.30 25.20
-0.70 26.00
-1.80 25.90
-2.50 25.40
-3.50 25.90
0.50 28.60
-0.70 28.90
-1.40 28.40
-2.60 29.60
-2.20 27.90
-2.90 28.40
-4.50 27.90
-0.30 41.00
0.30 39.70
-0.70 40.10
-1.60 40.10
-1.80 41.00
-2.50 40.80
-3.60 40.60
-2.50 39.80
-4.60 39.90
0.60 37.50
-0.50 37.40
-0.50 38.00
-1.40 38.40
-2.00 37.40
-3.20 37.40
-2.30 38.20
-3.70 38.30
-4.90 38.00
-0.30 33.90
-0.10 34.90
-1.40 34.90
-0.90 34.20
-2.10 33.90
-3.10 34.00
-2.50 34.80
-4.40 34.20
0.60 32.90
0.50 31.40
-1.40 32.30
-0.50 31.80
-2.10 31.40
-3.10 32.00
-3.90 32.30
-3.40 31.30
-11.50 38.40
-10.60 38.20
-11.20 37.00
-12.90 37.70
-13.40 38.40
-8.70 36.90
-8.70 38.60
-8.70 37.80
-7.60 37.70
-6.50 36.80
-6.30 38.60
-6.70 37.80
-11.00 32.00
-10.80 30.80
-11.80 31.00
-12.60 31.50
-13.30 31.20
-8.50 30.60
-8.50 31.90
-7.00 31.80
-7.50 31.20
-6.60 31.20
-9.20 34.10
-8.50 34.90
-6.50 33.40
-7.10 35.00
-6.60 34.50
-5.60 35.00
-10.70 34.20
-11.40 34.90
-12.40 35.20
-13.10 35.10
-13.10 9.40
-12.20 9.40
-11.20 9.10
-11.30 10.20
-12.90 10.20
-8.50 11.10
-8.40 10.60
-7.80 10.20
-8.10 9.80
-7.20 9.50
-6.50 9.50
-13.60 12.70
-12.20 12.80
-12.90 13.40
-11.60 14.00
-11.50 13.30
-10.80 12.40
-8.80 12.40
-8.00 13.40
-7.70 12.80
-6.60 14.20
-6.80 13.00
-5.80 12.80
-12.90 16.10
-10.70 16.30
-11.50 16.50
-12.10 17.30
-12.80 16.60
-8.70 16.00
-7.60 16.70
-7.70 15.80
-6.80 15.90
-6.90 16.90
-5.50 16.90
-12.20 4.50
-8.20 4.60
-5.00 4.50
-4.60 3.30
-14.80 5.20
-14.50 7.10
-14.40 8.80
-14.60 10.50
-14.50 12.00
-14.50 14.20
-14.50 16.10
-14.60 18.20
-14.80 20.00
-14.50 21.90
-14.50 23.80
-14.50 25.60
-14.10 27.00
-14.30 29.60
-14.50 31.60
-14.20 33.00
-14.50 35.10
-14.50 36.60
-14.50 38.90
-14.40 41.00
-4.90 41.70
-4.90 35.90
-5.30 32.70
-4.80 30.20
-5.00 26.00
-4.70 24.50
-4.80 23.20
-13.40 29.20
-12.50 29.40
-12.30 28.20
-11.40 27.30
-10.30 27.50
-9.40 27.90
-8.10 27.70
-7.10 28.60
-6.60 29.40
-5.70 29.00
-13.40 18.80
-12.50 18.30
-11.80 18.90
-11.20 20.00
-10.20 20.00
-9.60 19.10
-8.80 19.80
-7.70 20.00
-6.60 19.90
-5.10 18.70
-5.70 22.80
-13.20 22.10
-13.30 20.60
-10.90 21.60
-10.00 20.90
-8.80 21.30
-8.10 20.70
-6.70 20.70
-12.80 23.80
-13.00 25.00
-11.50 23.70
-10.60 23.50
-9.50 23.70
-8.90 23.20
-8.10 23.10
-7.20 23.80
-11.90 24.80
-10.80 24.80
-10.20 25.60
-10.90 26.20
-12.50 26.20
-8.70 25.60
-8.20 24.90
-7.20 25.50
-6.50 26.30
-6.60 27.30
-8.00 26.60
