Restored network from models/dynamic_embedding/mcpnet_model1.ckpt
Avg Comp Time: 0.035
CPU Mem: 1.27
GPU Mem: 35.9
NMI: 0.868 AMI: 0.753 ARS: 0.500 37972/1563 clusters
     CLASS     TP     FP     FN  PREC  RECL   IOU
      beam   5260   1266  14640 0.806 0.264 0.249
     board   2190   1748   5546 0.556 0.283 0.231
  bookcase   4485   2597  11015 0.633 0.289 0.248
   ceiling  64779   3947   4721 0.943 0.932 0.882
     chair  10562   6509   3773 0.619 0.737 0.507
   clutter  40131  32863  13394 0.550 0.750 0.465
    column   1925   3907   8978 0.330 0.177 0.130
      door  18750   4097   5019 0.821 0.789 0.673
     floor  56103   1957    786 0.966 0.986 0.953
      sofa    115    103   1297 0.528 0.081 0.076
     table   9637   3024   5029 0.761 0.657 0.545
      wall  76232  30691  15144 0.713 0.834 0.625
    window   3065    528   3895 0.853 0.440 0.409
       all 293234  93237  93237 0.759 0.759 0.611
       avg 293234  93237  93237 0.698 0.555 0.461
Restored network from models/dynamic_embedding/mcpnet_model2.ckpt
Avg Comp Time: 0.039
CPU Mem: 1.05
GPU Mem: 35.7
NMI: 0.843 AMI: 0.757 ARS: 0.462 23885/1229 clusters
     CLASS     TP     FP     FN  PREC  RECL   IOU
      beam     98    610   1793 0.138 0.052 0.039
     board     67    123   1375 0.353 0.046 0.043
  bookcase   2116   3789   7240 0.358 0.226 0.161
   ceiling  58084   2239  12162 0.963 0.827 0.801
     chair   3794   3539  19801 0.517 0.161 0.140
   clutter  18275  32123  12150 0.363 0.601 0.292
    column      6    494    231 0.012 0.025 0.008
      door  11752   5347  11176 0.687 0.513 0.416
     floor  59031   7172   7320 0.892 0.890 0.803
      sofa    269   1902    802 0.124 0.251 0.090
     table    714   4519   2706 0.136 0.209 0.090
      wall  65579  22532   8301 0.744 0.888 0.680
    window      0    668      0 0.000 0.000 0.000
       all 219785  85057  85057 0.721 0.721 0.564
       avg 219785  85057  85057 0.407 0.361 0.274
Restored network from models/dynamic_embedding/mcpnet_model3.ckpt
Avg Comp Time: 0.032
CPU Mem: 0.89
GPU Mem: 35.4
NMI: 0.853 AMI: 0.745 ARS: 0.359 17106/737 clusters
     CLASS     TP     FP     FN  PREC  RECL   IOU
      beam   1515    703   1811 0.683 0.456 0.376
     board    757    500   2116 0.602 0.263 0.224
  bookcase   4018   2588   4533 0.608 0.470 0.361
   ceiling  30641    781   1569 0.975 0.951 0.929
     chair   4772   1945   1489 0.710 0.762 0.582
   clutter  16466  12022   5973 0.578 0.734 0.478
    column    259   1581   3018 0.141 0.079 0.053
      door   7207   1731   2575 0.806 0.737 0.626
     floor  27381    538    158 0.981 0.994 0.975
      sofa    124     77   1472 0.617 0.078 0.074
     table   4163   2609   1103 0.615 0.791 0.529
      wall  38013   9778   8022 0.795 0.826 0.681
    window     26    145   1159 0.152 0.022 0.020
       all 135342  34998  34998 0.795 0.795 0.659
       avg 135342  34998  34998 0.636 0.551 0.454
Restored network from models/dynamic_embedding/mcpnet_model4.ckpt
Avg Comp Time: 0.032
CPU Mem: 1.28
GPU Mem: 35.4
NMI: 0.852 AMI: 0.722 ARS: 0.315 46786/1553 clusters
     CLASS     TP     FP     FN  PREC  RECL   IOU
      beam      1   1559    636 0.001 0.002 0.000
     board    137    514   1728 0.210 0.073 0.058
  bookcase   7159  13209  13424 0.351 0.348 0.212
   ceiling  62542   5456   3685 0.920 0.944 0.872
     chair   7623   2837   8033 0.729 0.487 0.412
   clutter  34585  42731  15000 0.447 0.697 0.375
    column    113    366   8558 0.236 0.013 0.013
      door  20110  13334  10878 0.601 0.649 0.454
     floor  63438   1846    430 0.972 0.993 0.965
      sofa    120     56   2467 0.682 0.046 0.045
     table   5588   4365   5104 0.561 0.523 0.371
      wall  95377  21939  28783 0.813 0.768 0.653
    window     75    244   9730 0.235 0.008 0.007
       all 296868 108456 108456 0.732 0.732 0.578
       avg 296868 108456 108456 0.520 0.427 0.341
Restored network from models/dynamic_embedding/mcpnet_model5.ckpt
Avg Comp Time: 0.034
CPU Mem: 1.81
GPU Mem: 35.7
NMI: 0.849 AMI: 0.734 ARS: 0.303 73038/2227 clusters
     CLASS     TP     FP     FN  PREC  RECL   IOU
      beam      0   5578    273 0.000 0.000 0.000
     board   2296   5509   6958 0.294 0.248 0.156
  bookcase  21307   6691  53028 0.761 0.287 0.263
   ceiling 131511  13582   6172 0.906 0.955 0.869
     chair  11300   3514  10395 0.763 0.521 0.448
   clutter  43943  78532  31371 0.359 0.583 0.286
    column   1400   4971  11133 0.220 0.112 0.080
      door   1907   5318  24394 0.264 0.073 0.060
     floor 115094   1650   1795 0.986 0.985 0.971
      sofa    232    470   2296 0.330 0.092 0.077
     table  19558   8639  10696 0.694 0.646 0.503
      wall 190394  72201  30063 0.725 0.864 0.651
    window   2993   4458  22539 0.402 0.117 0.100
       all 541935 211113 211113 0.720 0.720 0.562
       avg 541935 211113 211113 0.516 0.422 0.343
Restored network from models/dynamic_embedding/mcpnet_model6.ckpt
Avg Comp Time: 0.032
CPU Mem: 1.28
GPU Mem: 35.9
NMI: 0.869 AMI: 0.741 ARS: 0.441 42032/1655 clusters
     CLASS     TP     FP     FN  PREC  RECL   IOU
      beam   8012   1319   9834 0.859 0.449 0.418
     board   2174   3364   4347 0.393 0.333 0.220
  bookcase   8113   7157   7338 0.531 0.525 0.359
   ceiling  65154   2614   3647 0.961 0.947 0.912
     chair  15742   7088   4043 0.690 0.796 0.586
   clutter  35917  24168  14496 0.598 0.712 0.482
    column   5096  10693   6843 0.323 0.427 0.225
      door  17770   3751   8514 0.826 0.676 0.592
     floor  57020    834    742 0.986 0.987 0.973
      sofa    638   1118   1364 0.363 0.319 0.204
     table  14781   2422   7684 0.859 0.658 0.594
      wall  79678  30475  18211 0.723 0.814 0.621
    window    360     55   7995 0.867 0.043 0.043
       all 310455  95058  95058 0.766 0.766 0.620
       avg 310455  95058  95058 0.691 0.591 0.479
