Restored network from models/dynamic_embedding/pointnet2_model1.ckpt
Avg Comp Time: 0.027
CPU Mem: 0.96
GPU Mem: 25.6
NMI: 0.744 AMI: 0.637 ARS: 0.096 23258/1563 clusters
     CLASS     TP     FP     FN  PREC  RECL   IOU
      beam   4319   4983  15581 0.464 0.217 0.174
     board      5      9   7731 0.357 0.001 0.001
  bookcase   6047  15963   9453 0.275 0.390 0.192
   ceiling  50029  14527  19471 0.775 0.720 0.595
     chair   5941   7031   8394 0.458 0.414 0.278
   clutter  20124  28378  33401 0.415 0.376 0.246
    column      0      1  10903 0.000 0.000 0.000
      door   7719   7485  16050 0.508 0.325 0.247
     floor  47339  15285   9550 0.756 0.832 0.656
      sofa      0      0   1412 0.000 0.000 0.000
     table   3747   4666  10919 0.445 0.255 0.194
      wall  79945  62615  11431 0.561 0.875 0.519
    window      1    312   6959 0.003 0.000 0.000
       all 225216 161255 161255 0.583 0.583 0.411
       avg 225216 161255 161255 0.386 0.339 0.239
Restored network from models/dynamic_embedding/pointnet2_model2.ckpt
Avg Comp Time: 0.028
CPU Mem: 0.91
GPU Mem: 26.1
NMI: 0.790 AMI: 0.666 ARS: 0.376 19155/1229 clusters
     CLASS     TP     FP     FN  PREC  RECL   IOU
      beam    159   2135   1732 0.069 0.084 0.039
     board     50   1920   1392 0.025 0.035 0.015
  bookcase   1940   9871   7416 0.164 0.207 0.101
   ceiling  45301   9343  24945 0.829 0.645 0.569
     chair   9913   3486  13682 0.740 0.420 0.366
   clutter  13531  38604  16894 0.260 0.445 0.196
    column      0    289    237 0.000 0.000 0.000
      door   9524  15767  13404 0.377 0.415 0.246
     floor  49150   8181  17201 0.857 0.741 0.659
      sofa      0      0   1071 0.000 0.000 0.000
     table    875   6325   2545 0.122 0.256 0.090
      wall  54951  23405  18929 0.701 0.744 0.565
    window      0    122      0 0.000 0.000 0.000
       all 185394 119448 119448 0.608 0.608 0.437
       avg 185394 119448 119448 0.319 0.307 0.219
Restored network from models/dynamic_embedding/pointnet2_model3.ckpt
Avg Comp Time: 0.027
CPU Mem: 0.81
GPU Mem: 25.7
NMI: 0.777 AMI: 0.719 ARS: 0.246 9752/737 clusters
     CLASS     TP     FP     FN  PREC  RECL   IOU
      beam    894   1617   2432 0.356 0.269 0.181
     board     93    682   2780 0.120 0.032 0.026
  bookcase   2983   2952   5568 0.503 0.349 0.259
   ceiling  28696   8429   3514 0.773 0.891 0.706
     chair   2858   2247   3403 0.560 0.456 0.336
   clutter   8807  12677  13632 0.410 0.392 0.251
    column      0      0   3277 0.000 0.000 0.000
      door   5338  11203   4444 0.323 0.546 0.254
     floor  22142   3405   5397 0.867 0.804 0.716
      sofa      0      0   1596 0.000 0.000 0.000
     table   1540   2217   3726 0.410 0.292 0.206
      wall  34375  17113  11660 0.668 0.747 0.544
    window      5     67   1180 0.069 0.004 0.004
       all 107731  62609  62609 0.632 0.632 0.462
       avg 107731  62609  62609 0.389 0.368 0.268
Restored network from models/dynamic_embedding/pointnet2_model4.ckpt
Avg Comp Time: 0.026
CPU Mem: 0.97
GPU Mem: 25.7
NMI: 0.737 AMI: 0.622 ARS: 0.081 22898/1553 clusters
     CLASS     TP     FP     FN  PREC  RECL   IOU
      beam    290  10742    347 0.026 0.455 0.025
     board    210   3640   1655 0.055 0.113 0.038
  bookcase   6053  13668  14530 0.307 0.294 0.177
   ceiling  48161  16497  18066 0.745 0.727 0.582
     chair   3849   3436  11807 0.528 0.246 0.202
   clutter  13509  28830  36076 0.319 0.272 0.172
    column     43    458   8628 0.086 0.005 0.005
      door  13212  20573  17776 0.391 0.426 0.256
     floor  58295  15908   5573 0.786 0.913 0.731
      sofa      0      0   2587 0.000 0.000 0.000
     table   2046   2974   8646 0.408 0.191 0.150
      wall  94874  47882  29286 0.665 0.764 0.551
    window      0    174   9805 0.000 0.000 0.000
       all 240542 164782 164782 0.593 0.593 0.422
       avg 240542 164782 164782 0.332 0.339 0.222
Restored network from models/dynamic_embedding/pointnet2_model5.ckpt
Avg Comp Time: 0.027
CPU Mem: 1.19
GPU Mem: 25.6
NMI: 0.736 AMI: 0.638 ARS: 0.068 47894/2227 clusters
     CLASS     TP     FP     FN  PREC  RECL   IOU
      beam      0   6105    273 0.000 0.000 0.000
     board      0      2   9254 0.000 0.000 0.000
  bookcase  25481  14172  48854 0.643 0.343 0.288
   ceiling  82076  23586  55607 0.777 0.596 0.509
     chair   8660   8632  13035 0.501 0.399 0.286
   clutter  33470 101330  41844 0.248 0.444 0.189
    column      0      0  12533 0.000 0.000 0.000
      door  11308  38931  14993 0.225 0.430 0.173
     floor  92815  19766  24074 0.824 0.794 0.679
      sofa      0      0   2528 0.000 0.000 0.000
     table   7450  12198  22804 0.379 0.246 0.175
      wall 185920  81146  34537 0.696 0.843 0.616
    window      0      0  25532 0.000 0.000 0.000
       all 447180 305868 305868 0.594 0.594 0.422
       avg 447180 305868 305868 0.330 0.315 0.224
Restored network from models/dynamic_embedding/pointnet2_model6.ckpt
Avg Comp Time: 0.025
CPU Mem: 0.98
GPU Mem: 25.9
NMI: 0.782 AMI: 0.701 ARS: 0.158 25512/1655 clusters
     CLASS     TP     FP     FN  PREC  RECL   IOU
      beam   2358   1166  15488 0.669 0.132 0.124
     board      6     22   6515 0.214 0.001 0.001
  bookcase   7004  16418   8447 0.299 0.453 0.220
   ceiling  58078  18888  10723 0.755 0.844 0.662
     chair   6960   5489  12825 0.559 0.352 0.275
   clutter  22913  36555  27500 0.385 0.455 0.263
    column      8     15  11931 0.348 0.001 0.001
      door  11738  10815  14546 0.520 0.447 0.316
     floor  50542  12857   7220 0.797 0.875 0.716
      sofa      0      0   2002 0.000 0.000 0.000
     table   6516   7271  15949 0.473 0.290 0.219
      wall  78284  51585  19605 0.603 0.800 0.524
    window      0     25   8355 0.000 0.000 0.000
       all 244407 161106 161106 0.603 0.603 0.431
       avg 244407 161106 161106 0.432 0.358 0.256
