Restored network from models/dynamic_embedding/model1.ckpt
Avg Comp Time: 0.053
NMI: 0.868 AMI: 0.753 ARS: 0.500 37972/1563 clusters
     CLASS     TP     FP     FN  PREC  RECL   IOU
      beam   5260   1266  14640 0.806 0.264 0.249
     board   2190   1748   5546 0.556 0.283 0.231
  bookcase   4485   2597  11015 0.633 0.289 0.248
   ceiling  64779   3947   4721 0.943 0.932 0.882
     chair  10562   6509   3773 0.619 0.737 0.507
   clutter  40131  32863  13394 0.550 0.750 0.465
    column   1925   3907   8978 0.330 0.177 0.130
      door  18750   4097   5019 0.821 0.789 0.673
     floor  56103   1957    786 0.966 0.986 0.953
      sofa    115    103   1297 0.528 0.081 0.076
     table   9637   3024   5029 0.761 0.657 0.545
      wall  76232  30691  15144 0.713 0.834 0.625
    window   3065    528   3895 0.853 0.440 0.409
       all 293234  93237  93237 0.759 0.759 0.611
       avg 293234  93237  93237 0.698 0.555 0.461
Filtered 61366 points (remaining 2695 clusters)
     CLASS     TP     FP     FN  PREC  RECL   IOU
      beam   4290    619  15610 0.874 0.216 0.209
     board    516    729   7220 0.414 0.067 0.061
  bookcase   4616   1790  10884 0.721 0.298 0.267
   ceiling  66660   5348   2840 0.926 0.959 0.891
     chair  11223   5206   3112 0.683 0.783 0.574
   clutter  37532  27770  15993 0.575 0.701 0.462
    column   1183   1015   9720 0.538 0.109 0.099
      door  17479   3943   6290 0.816 0.735 0.631
     floor  56117   1803    772 0.969 0.986 0.956
      sofa      1     23   1411 0.042 0.001 0.001
     table   9627   2147   5039 0.818 0.656 0.573
      wall  80366  43316  11010 0.650 0.880 0.597
    window   2367    785   4593 0.751 0.340 0.306
       all 291977  94494  94494 0.755 0.755 0.607
       avg 291977  94494  94494 0.675 0.518 0.433
Restored network from models/dynamic_embedding/model2.ckpt
Avg Comp Time: 0.059
NMI: 0.843 AMI: 0.757 ARS: 0.462 23885/1229 clusters
     CLASS     TP     FP     FN  PREC  RECL   IOU
      beam     98    610   1793 0.138 0.052 0.039
     board     67    123   1375 0.353 0.046 0.043
  bookcase   2116   3789   7240 0.358 0.226 0.161
   ceiling  58084   2239  12162 0.963 0.827 0.801
     chair   3794   3539  19801 0.517 0.161 0.140
   clutter  18275  32123  12150 0.363 0.601 0.292
    column      6    494    231 0.012 0.025 0.008
      door  11752   5347  11176 0.687 0.513 0.416
     floor  59031   7172   7320 0.892 0.890 0.803
      sofa    269   1902    802 0.124 0.251 0.090
     table    714   4519   2706 0.136 0.209 0.090
      wall  65579  22532   8301 0.744 0.888 0.680
    window      0    668      0 0.000 0.000 0.000
       all 219785  85057  85057 0.721 0.721 0.564
       avg 219785  85057  85057 0.407 0.361 0.274
Filtered 40514 points (remaining 1645 clusters)
     CLASS     TP     FP     FN  PREC  RECL   IOU
      beam     97    194   1794 0.333 0.051 0.047
     board      1      7   1441 0.125 0.001 0.001
  bookcase   1751   1046   7605 0.626 0.187 0.168
   ceiling  49354   8605  20892 0.852 0.703 0.626
     chair   3265   2858  20330 0.533 0.138 0.123
   clutter  17551  25439  12874 0.408 0.577 0.314
    column      9    161    228 0.053 0.038 0.023
      door  10587   4332  12341 0.710 0.462 0.388
     floor  61967  29580   4384 0.677 0.934 0.646
      sofa    175    901    896 0.163 0.163 0.089
     table    828   3072   2592 0.212 0.242 0.128
      wall  62369  20291  11511 0.755 0.844 0.662
    window      0    402      0 0.000 0.000 0.000
       all 207954  96888  96888 0.682 0.682 0.518
       avg 207954  96888  96888 0.419 0.334 0.247
Restored network from models/dynamic_embedding/model3.ckpt
Avg Comp Time: 0.046
NMI: 0.850 AMI: 0.738 ARS: 0.302 17342/737 clusters
     CLASS     TP     FP     FN  PREC  RECL   IOU
      beam   1241    764   2085 0.619 0.373 0.303
     board    360    121   2513 0.748 0.125 0.120
  bookcase   4563   2371   3988 0.658 0.534 0.418
   ceiling  31097   1346   1113 0.959 0.965 0.927
     chair   5003   2631   1258 0.655 0.799 0.563
   clutter  15880  10943   6559 0.592 0.708 0.476
    column    446   2623   2831 0.145 0.136 0.076
      door   8171   3379   1611 0.707 0.835 0.621
     floor  27223    319    316 0.988 0.989 0.977
      sofa    199    164   1397 0.548 0.125 0.113
     table   3886   1897   1380 0.672 0.738 0.543
      wall  36676   8922   9359 0.804 0.797 0.667
    window     15    100   1170 0.130 0.013 0.012
       all 134760  35580  35580 0.791 0.791 0.654
       avg 134760  35580  35580 0.633 0.549 0.447
Filtered 28122 points (remaining 1244 clusters)
     CLASS     TP     FP     FN  PREC  RECL   IOU
      beam   1321    303   2005 0.813 0.397 0.364
     board     20     25   2853 0.444 0.007 0.007
  bookcase   5045   1136   3506 0.816 0.590 0.521
   ceiling  31292   1812    918 0.945 0.971 0.920
     chair   5148   2218   1113 0.699 0.822 0.607
   clutter  14780   8950   7659 0.623 0.659 0.471
    column    340   1296   2937 0.208 0.104 0.074
      door   8530   2166   1252 0.797 0.872 0.714
     floor  27257    270    282 0.990 0.990 0.980
      sofa    150     64   1446 0.701 0.094 0.090
     table   3958   1786   1308 0.689 0.752 0.561
      wall  39670  12793   6365 0.756 0.862 0.674
    window      4      6   1181 0.400 0.003 0.003
       all 137515  32825  32825 0.807 0.807 0.677
       avg 137515  32825  32825 0.683 0.548 0.461
Restored network from models/dynamic_embedding/model4.ckpt
Avg Comp Time: 0.045
NMI: 0.852 AMI: 0.722 ARS: 0.315 46786/1553 clusters
     CLASS     TP     FP     FN  PREC  RECL   IOU
      beam      1   1559    636 0.001 0.002 0.000
     board    137    514   1728 0.210 0.073 0.058
  bookcase   7159  13209  13424 0.351 0.348 0.212
   ceiling  62542   5456   3685 0.920 0.944 0.872
     chair   7623   2837   8033 0.729 0.487 0.412
   clutter  34585  42731  15000 0.447 0.697 0.375
    column    113    366   8558 0.236 0.013 0.013
      door  20110  13334  10878 0.601 0.649 0.454
     floor  63438   1846    430 0.972 0.993 0.965
      sofa    120     56   2467 0.682 0.046 0.045
     table   5588   4365   5104 0.561 0.523 0.371
      wall  95377  21939  28783 0.813 0.768 0.653
    window     75    244   9730 0.235 0.008 0.007
       all 296868 108456 108456 0.732 0.732 0.578
       avg 296868 108456 108456 0.520 0.427 0.341
Filtered 74176 points (remaining 2763 clusters)
     CLASS     TP     FP     FN  PREC  RECL   IOU
      beam      0    430    637 0.000 0.000 0.000
     board      9     74   1856 0.108 0.005 0.005
  bookcase   7075  10074  13508 0.413 0.344 0.231
   ceiling  61070   5796   5157 0.913 0.922 0.848
     chair   7696   2298   7960 0.770 0.492 0.429
   clutter  33973  38067  15612 0.472 0.685 0.388
    column     53     32   8618 0.624 0.006 0.006
      door  20875  13865  10113 0.601 0.674 0.465
     floor  63477   5223    391 0.924 0.994 0.919
      sofa     74      7   2513 0.914 0.029 0.029
     table   5751   3112   4941 0.649 0.538 0.417
      wall  99874  26315  24286 0.791 0.804 0.664
    window      8     96   9797 0.077 0.001 0.001
       all 299935 105389 105389 0.740 0.740 0.587
       avg 299935 105389 105389 0.558 0.423 0.338
Restored network from models/dynamic_embedding/model5.ckpt
Avg Comp Time: 0.047
NMI: 0.849 AMI: 0.734 ARS: 0.303 73038/2227 clusters
     CLASS     TP     FP     FN  PREC  RECL   IOU
      beam      0   5578    273 0.000 0.000 0.000
     board   2296   5509   6958 0.294 0.248 0.156
  bookcase  21307   6691  53028 0.761 0.287 0.263
   ceiling 131511  13582   6172 0.906 0.955 0.869
     chair  11300   3514  10395 0.763 0.521 0.448
   clutter  43943  78532  31371 0.359 0.583 0.286
    column   1400   4971  11133 0.220 0.112 0.080
      door   1907   5318  24394 0.264 0.073 0.060
     floor 115094   1650   1795 0.986 0.985 0.971
      sofa    232    470   2296 0.330 0.092 0.077
     table  19558   8639  10696 0.694 0.646 0.503
      wall 190394  72201  30063 0.725 0.864 0.651
    window   2993   4458  22539 0.402 0.117 0.100
       all 541935 211113 211113 0.720 0.720 0.562
       avg 541935 211113 211113 0.516 0.422 0.343
Filtered 117381 points (remaining 4603 clusters)
     CLASS     TP     FP     FN  PREC  RECL   IOU
      beam      0   2439    273 0.000 0.000 0.000
     board    283   1655   8971 0.146 0.031 0.026
  bookcase  21107   4122  53228 0.837 0.284 0.269
   ceiling 129468  22155   8215 0.854 0.940 0.810
     chair  11861   2380   9834 0.833 0.547 0.493
   clutter  38860  69979  36454 0.357 0.516 0.267
    column    680   1627  11853 0.295 0.054 0.048
      door    626   2881  25675 0.179 0.024 0.021
     floor 115259   1075   1630 0.991 0.986 0.977
      sofa    309    312   2219 0.498 0.122 0.109
     table  20683   7552   9571 0.733 0.684 0.547
      wall 201323  91839  19134 0.687 0.913 0.645
    window   1846   2727  23686 0.404 0.072 0.065
       all 542305 210743 210743 0.720 0.720 0.563
       avg 542305 210743 210743 0.524 0.398 0.329
Restored network from models/dynamic_embedding/model6.ckpt
Avg Comp Time: 0.044
NMI: 0.869 AMI: 0.741 ARS: 0.441 42032/1655 clusters
     CLASS     TP     FP     FN  PREC  RECL   IOU
      beam   8012   1319   9834 0.859 0.449 0.418
     board   2174   3364   4347 0.393 0.333 0.220
  bookcase   8113   7157   7338 0.531 0.525 0.359
   ceiling  65154   2614   3647 0.961 0.947 0.912
     chair  15742   7088   4043 0.690 0.796 0.586
   clutter  35917  24168  14496 0.598 0.712 0.482
    column   5096  10693   6843 0.323 0.427 0.225
      door  17770   3751   8514 0.826 0.676 0.592
     floor  57020    834    742 0.986 0.987 0.973
      sofa    638   1118   1364 0.363 0.319 0.204
     table  14781   2422   7684 0.859 0.658 0.594
      wall  79678  30475  18211 0.723 0.814 0.621
    window    360     55   7995 0.867 0.043 0.043
       all 310455  95058  95058 0.766 0.766 0.620
       avg 310455  95058  95058 0.691 0.591 0.479
Filtered 67976 points (remaining 3117 clusters)
     CLASS     TP     FP     FN  PREC  RECL   IOU
      beam   8419    707   9427 0.923 0.472 0.454
     board    168    901   6353 0.157 0.026 0.023
  bookcase   9413   4605   6038 0.671 0.609 0.469
   ceiling  65351   7092   3450 0.902 0.950 0.861
     chair  16470   6566   3315 0.715 0.832 0.625
   clutter  32175  18551  18238 0.634 0.638 0.467
    column   3613   7344   8326 0.330 0.303 0.187
      door  17356   3246   8928 0.842 0.660 0.588
     floor  57176    774    586 0.987 0.990 0.977
      sofa    628    776   1374 0.447 0.314 0.226
     table  14927   2442   7538 0.859 0.664 0.599
      wall  84492  42212  13397 0.667 0.863 0.603
    window     85     24   8270 0.780 0.010 0.010
       all 310273  95240  95240 0.765 0.765 0.620
       avg 310273  95240  95240 0.686 0.564 0.468
