Restored network from models/dynamic_embedding/pointnet_model1.ckpt
Avg Comp Time: 0.017
CPU Mem: 0.93
GPU Mem: 29.0
NMI: 0.751 AMI: 0.629 ARS: 0.150 14870/1563 clusters
     CLASS     TP     FP     FN  PREC  RECL   IOU
      beam   2247   1210  17653 0.650 0.113 0.106
     board    596    480   7140 0.554 0.077 0.073
  bookcase   1959   2128  13541 0.479 0.126 0.111
   ceiling  65156  27621   4344 0.702 0.937 0.671
     chair   8320  17031   6015 0.328 0.580 0.265
   clutter  19667  27989  33858 0.413 0.367 0.241
    column     23    122  10880 0.159 0.002 0.002
      door  14094   7005   9675 0.668 0.593 0.458
     floor  54862   8601   2027 0.864 0.964 0.838
      sofa    308    822   1104 0.273 0.218 0.138
     table   5457   1996   9209 0.732 0.372 0.328
      wall  64313  50289  27063 0.561 0.704 0.454
    window   2838   1337   4122 0.680 0.408 0.342
       all 239840 146631 146631 0.621 0.621 0.450
       avg 239840 146631 146631 0.543 0.420 0.310
Restored network from models/dynamic_embedding/pointnet_model2.ckpt
Avg Comp Time: 0.019
CPU Mem: 0.87
GPU Mem: 28.0
NMI: 0.697 AMI: 0.586 ARS: 0.213 9420/1229 clusters
     CLASS     TP     FP     FN  PREC  RECL   IOU
      beam    106   4784   1785 0.022 0.056 0.016
     board     21    160   1421 0.116 0.015 0.013
  bookcase    766   2267   8590 0.253 0.082 0.066
   ceiling  39408  17132  30838 0.697 0.561 0.451
     chair   3708   5588  19887 0.399 0.157 0.127
   clutter  12499  30473  17926 0.291 0.411 0.205
    column      0     15    237 0.000 0.000 0.000
      door   7834   5729  15094 0.578 0.342 0.273
     floor  40028  32994  26323 0.548 0.603 0.403
      sofa     17   1582   1054 0.011 0.016 0.006
     table    186   2554   3234 0.068 0.054 0.031
      wall  47182  49670  26698 0.487 0.639 0.382
    window      0    139      0 0.000 0.000 0.000
       all 151755 153087 153087 0.498 0.498 0.331
       avg 151755 153087 153087 0.267 0.226 0.152
Restored network from models/dynamic_embedding/pointnet_model3.ckpt
Avg Comp Time: 0.016
CPU Mem: 0.79
GPU Mem: 27.6
NMI: 0.752 AMI: 0.652 ARS: 0.165 6194/737 clusters
     CLASS     TP     FP     FN  PREC  RECL   IOU
      beam   1222   2124   2104 0.365 0.367 0.224
     board    317    361   2556 0.468 0.110 0.098
  bookcase   1524    706   7027 0.683 0.178 0.165
   ceiling  29941   9436   2269 0.760 0.930 0.719
     chair   4507   7691   1754 0.369 0.720 0.323
   clutter  10216  14314  12223 0.416 0.455 0.278
    column     36    809   3241 0.043 0.011 0.009
      door   4887   2015   4895 0.708 0.500 0.414
     floor  27019   3205    520 0.894 0.981 0.879
      sofa      7     34   1589 0.171 0.004 0.004
     table   3560   3741   1706 0.488 0.676 0.395
      wall  28823  13835  17212 0.676 0.626 0.481
    window      0     10   1185 0.000 0.000 0.000
       all 112059  58281  58281 0.658 0.658 0.490
       avg 112059  58281  58281 0.465 0.428 0.307
Restored network from models/dynamic_embedding/pointnet_model4.ckpt
Avg Comp Time: 0.016
CPU Mem: 0.95
GPU Mem: 24.9
NMI: 0.694 AMI: 0.543 ARS: 0.051 13746/1553 clusters
     CLASS     TP     FP     FN  PREC  RECL   IOU
      beam      0    599    637 0.000 0.000 0.000
     board     19    455   1846 0.040 0.010 0.008
  bookcase   2045   8362  18538 0.197 0.099 0.071
   ceiling  55460  26223  10767 0.679 0.837 0.600
     chair   5578   9034  10078 0.382 0.356 0.226
   clutter  26721  65652  22864 0.289 0.539 0.232
    column      1    528   8670 0.002 0.000 0.000
      door   8983   7440  22005 0.547 0.290 0.234
     floor  63735   9659    133 0.868 0.998 0.867
      sofa    107   1740   2480 0.058 0.041 0.025
     table   4129   6802   6563 0.378 0.386 0.236
      wall  70020  31492  54140 0.690 0.564 0.450
    window     32    508   9773 0.059 0.003 0.003
       all 236830 168494 168494 0.584 0.584 0.413
       avg 236830 168494 168494 0.322 0.317 0.227
Restored network from models/dynamic_embedding/pointnet_model5.ckpt
Avg Comp Time: 0.017
CPU Mem: 1.14
GPU Mem: 29.8
NMI: 0.679 AMI: 0.512 ARS: 0.033 29635/2227 clusters
     CLASS     TP     FP     FN  PREC  RECL   IOU
      beam      4   2322    269 0.002 0.015 0.002
     board     62    309   9192 0.167 0.007 0.006
  bookcase   6266    965  68069 0.867 0.084 0.083
   ceiling 128321  88663   9362 0.591 0.932 0.567
     chair   8707  14004  12988 0.383 0.401 0.244
   clutter  23376  75872  51938 0.236 0.310 0.155
    column      2     19  12531 0.095 0.000 0.000
      door   1985  35216  24316 0.053 0.075 0.032
     floor 116465  13854    424 0.894 0.996 0.891
      sofa    263   7587   2265 0.034 0.104 0.026
     table  18183  13117  12071 0.581 0.601 0.419
      wall 126468  70259  93989 0.643 0.574 0.435
    window    347    412  25185 0.457 0.014 0.013
       all 430449 322599 322599 0.572 0.572 0.400
       avg 430449 322599 322599 0.385 0.316 0.221
Restored network from models/dynamic_embedding/pointnet_model6.ckpt
Avg Comp Time: 0.016
CPU Mem: 0.94
GPU Mem: 29.6
NMI: 0.752 AMI: 0.629 ARS: 0.112 15482/1655 clusters
     CLASS     TP     FP     FN  PREC  RECL   IOU
      beam   1584    759  16262 0.676 0.089 0.085
     board     46     87   6475 0.346 0.007 0.007
  bookcase   2233   1624  13218 0.579 0.145 0.131
   ceiling  60948  26725   7853 0.695 0.886 0.638
     chair   9313  16185  10472 0.365 0.471 0.259
   clutter  23062  46722  27351 0.330 0.457 0.237
    column    895   1312  11044 0.406 0.075 0.068
      door  15350  11271  10934 0.577 0.584 0.409
     floor  57596   8588    166 0.870 0.997 0.868
      sofa    237   2668   1765 0.082 0.118 0.051
     table   9105   2330  13360 0.796 0.405 0.367
      wall  66354  38686  31535 0.632 0.678 0.486
    window    969    864   7386 0.529 0.116 0.105
       all 247692 157821 157821 0.611 0.611 0.440
       avg 247692 157821 157821 0.529 0.387 0.285
