Restored network from models/dynamic_embedding/mcpnet_simple_model1.ckpt
Avg Comp Time: 0.019
CPU Mem: 1.27
GPU Mem: 1.6
NMI: 0.783 AMI: 0.689 ARS: 0.217 25703/1563 clusters
     CLASS     TP     FP     FN  PREC  RECL   IOU
      beam   5300   3306  14600 0.616 0.266 0.228
     board   1527   2123   6209 0.418 0.197 0.155
  bookcase   4452   8045  11048 0.356 0.287 0.189
   ceiling  49505   6220  19995 0.888 0.712 0.654
     chair   7029  14145   7306 0.332 0.490 0.247
   clutter  27727  49497  25798 0.359 0.518 0.269
    column    457   2050  10446 0.182 0.042 0.035
      door  13159   6826  10610 0.658 0.554 0.430
     floor  46724   3275  10165 0.934 0.821 0.777
      sofa      4     80   1408 0.048 0.003 0.003
     table   6427   2358   8239 0.732 0.438 0.378
      wall  69561  48842  21815 0.587 0.761 0.496
    window   2185   5647   4775 0.279 0.314 0.173
       all 234057 152414 152414 0.606 0.606 0.434
       avg 234057 152414 152414 0.492 0.416 0.310
Restored network from models/dynamic_embedding/mcpnet_simple_model2.ckpt
Avg Comp Time: 0.021
CPU Mem: 1.05
GPU Mem: 1.7
NMI: 0.709 AMI: 0.558 ARS: 0.209 14153/1229 clusters
     CLASS     TP     FP     FN  PREC  RECL   IOU
      beam    112   3257   1779 0.033 0.059 0.022
     board    123    984   1319 0.111 0.085 0.051
  bookcase    547   3217   8809 0.145 0.058 0.044
   ceiling  26795   7326  43451 0.785 0.381 0.345
     chair    981   9784  22614 0.091 0.042 0.029
   clutter  17587  70005  12838 0.201 0.578 0.175
    column      0   1646    237 0.000 0.000 0.000
      door   7723   6827  15205 0.531 0.337 0.260
     floor  12947    921  53404 0.934 0.195 0.192
      sofa      0     56   1071 0.000 0.000 0.000
     table    265   1001   3155 0.209 0.077 0.060
      wall  49736  82204  24144 0.377 0.673 0.319
    window      0    798      0 0.000 0.000 0.000
       all 116816 188026 188026 0.383 0.383 0.237
       avg 116816 188026 188026 0.263 0.191 0.115
Restored network from models/dynamic_embedding/mcpnet_simple_model3.ckpt
Avg Comp Time: 0.018
CPU Mem: 0.89
GPU Mem: 1.6
NMI: 0.756 AMI: 0.656 ARS: 0.157 12582/737 clusters
     CLASS     TP     FP     FN  PREC  RECL   IOU
      beam    823   1164   2503 0.414 0.247 0.183
     board    217    730   2656 0.229 0.076 0.060
  bookcase   2043   1647   6508 0.554 0.239 0.200
   ceiling  28206   3289   4004 0.896 0.876 0.795
     chair   3377   3726   2884 0.475 0.539 0.338
   clutter  10240  12839  12199 0.444 0.456 0.290
    column     65   1493   3212 0.042 0.020 0.014
      door   5522   5569   4260 0.498 0.565 0.360
     floor  26060   1350   1479 0.951 0.946 0.902
      sofa     98    248   1498 0.283 0.061 0.053
     table   3451   3339   1815 0.508 0.655 0.401
      wall  34861  19856  11174 0.637 0.757 0.529
    window     28     99   1157 0.220 0.024 0.022
       all 114991  55349  55349 0.675 0.675 0.510
       avg 114991  55349  55349 0.473 0.420 0.319
Restored network from models/dynamic_embedding/mcpnet_simple_model4.ckpt
Avg Comp Time: 0.019
CPU Mem: 1.28
GPU Mem: 1.7
NMI: 0.767 AMI: 0.658 ARS: 0.150 28010/1553 clusters
     CLASS     TP     FP     FN  PREC  RECL   IOU
      beam      0   1130    637 0.000 0.000 0.000
     board    245   2380   1620 0.093 0.131 0.058
  bookcase   3381  12749  17202 0.210 0.164 0.101
   ceiling  56999  17461   9228 0.765 0.861 0.681
     chair   6971  14562   8685 0.324 0.445 0.231
   clutter  26272  64842  23313 0.288 0.530 0.230
    column     23    546   8648 0.040 0.003 0.002
      door   7694  17505  23294 0.305 0.248 0.159
     floor  62035   4674   1833 0.930 0.971 0.905
      sofa    113   1463   2474 0.072 0.044 0.028
     table   2109   2688   8583 0.440 0.197 0.158
      wall  70361  28192  53799 0.714 0.567 0.462
    window    104    825   9701 0.112 0.011 0.010
       all 236307 169017 169017 0.583 0.583 0.411
       avg 236307 169017 169017 0.330 0.321 0.233
Restored network from models/dynamic_embedding/mcpnet_simple_model5.ckpt
Avg Comp Time: 0.019
CPU Mem: 1.80
GPU Mem: 1.5
NMI: 0.732 AMI: 0.594 ARS: 0.078 47829/2227 clusters
     CLASS     TP     FP     FN  PREC  RECL   IOU
      beam     28  10363    245 0.003 0.103 0.003
     board    904   3199   8350 0.220 0.098 0.073
  bookcase   7691   3432  66644 0.691 0.103 0.099
   ceiling 111175  37314  26508 0.749 0.807 0.635
     chair   6365   7867  15330 0.447 0.293 0.215
   clutter  35998 122019  39316 0.228 0.478 0.182
    column    217   2612  12316 0.077 0.017 0.014
      door   2573  20678  23728 0.111 0.098 0.055
     floor 115576   6684   1313 0.945 0.989 0.935
      sofa      3    788   2525 0.004 0.001 0.001
     table  13251   6060  17003 0.686 0.438 0.365
      wall 156506  74487  63951 0.678 0.710 0.531
    window   2433   4825  23099 0.335 0.095 0.080
       all 452720 300328 300328 0.601 0.601 0.430
       avg 452720 300328 300328 0.398 0.325 0.245
Restored network from models/dynamic_embedding/mcpnet_simple_model6.ckpt
Avg Comp Time: 0.018
CPU Mem: 1.28
GPU Mem: 1.6
NMI: 0.805 AMI: 0.736 ARS: 0.285 30356/1655 clusters
     CLASS     TP     FP     FN  PREC  RECL   IOU
      beam   2875   2084  14971 0.580 0.161 0.144
     board    335    994   6186 0.252 0.051 0.045
  bookcase   4110   6265  11341 0.396 0.266 0.189
   ceiling  50504   7472  18297 0.871 0.734 0.662
     chair   8956  10836  10829 0.453 0.453 0.292
   clutter  30340  66906  20073 0.312 0.602 0.259
    column    147   2046  11792 0.067 0.012 0.011
      door  15020  15977  11264 0.485 0.571 0.355
     floor  55982   3549   1780 0.940 0.969 0.913
      sofa     54    368   1948 0.128 0.027 0.023
     table  12608   4187   9857 0.751 0.561 0.473
      wall  67567  35568  30322 0.655 0.690 0.506
    window    361    402   7994 0.473 0.043 0.041
       all 248859 156654 156654 0.614 0.614 0.443
       avg 248859 156654 156654 0.489 0.396 0.301
