Restored network from models/dynamic_embedding/sgpn_model1.ckpt
Avg Comp Time: 0.019
CPU Mem: 2.11
GPU Mem: 26.7
NMI: 0.787 AMI: 0.589 ARS: 0.249 68984/1563 clusters
     CLASS     TP     FP     FN  PREC  RECL   IOU
      beam   1350   1619  18550 0.455 0.068 0.063
     board    703    956   7033 0.424 0.091 0.081
  bookcase   2542   3517  12958 0.420 0.164 0.134
   ceiling  61062  28545   8438 0.681 0.879 0.623
     chair   8497  23163   5838 0.268 0.593 0.227
   clutter  17132  27799  36393 0.381 0.320 0.211
    column      2    499  10901 0.004 0.000 0.000
      door  14385   5431   9384 0.726 0.605 0.493
     floor  49189   6054   7700 0.890 0.865 0.781
      sofa     73   1410   1339 0.049 0.052 0.026
     table   5791   3430   8875 0.628 0.395 0.320
      wall  59519  50887  31857 0.539 0.651 0.418
    window   3798   9118   3162 0.294 0.546 0.236
       all 224043 162428 162428 0.580 0.580 0.408
       avg 224043 162428 162428 0.443 0.402 0.278
Restored network from models/dynamic_embedding/sgpn_model2.ckpt
Avg Comp Time: 0.022
CPU Mem: 2.05
GPU Mem: 30.5
NMI: 0.779 AMI: 0.606 ARS: 0.483 43551/1229 clusters
     CLASS     TP     FP     FN  PREC  RECL   IOU
      beam     53   3388   1838 0.015 0.028 0.010
     board     10    104   1432 0.088 0.007 0.006
  bookcase    390    849   8966 0.315 0.042 0.038
   ceiling  53618  17638  16628 0.752 0.763 0.610
     chair   1248   4065  22347 0.235 0.053 0.045
   clutter  12084  29391  18341 0.291 0.397 0.202
    column      0   2320    237 0.000 0.000 0.000
      door  10396  11906  12532 0.466 0.453 0.298
     floor  39393  15701  26958 0.715 0.594 0.480
      sofa     28   2918   1043 0.010 0.026 0.007
     table    187   2013   3233 0.085 0.055 0.034
      wall  50656  46240  23224 0.523 0.686 0.422
    window      0    246      0 0.000 0.000 0.000
       all 168063 136779 136779 0.551 0.551 0.381
       avg 168063 136779 136779 0.269 0.239 0.166
Restored network from models/dynamic_embedding/sgpn_model3.ckpt
Avg Comp Time: 0.018
CPU Mem: 1.38
GPU Mem: 28.7
NMI: 0.793 AMI: 0.606 ARS: 0.325 30251/737 clusters
     CLASS     TP     FP     FN  PREC  RECL   IOU
      beam   1017   1593   2309 0.390 0.306 0.207
     board     93    213   2780 0.304 0.032 0.030
  bookcase   1877   1314   6674 0.588 0.220 0.190
   ceiling  29629   5927   2581 0.833 0.920 0.777
     chair   2228   2817   4033 0.442 0.356 0.245
   clutter   8870  13531  13569 0.396 0.395 0.247
    column      0    159   3277 0.000 0.000 0.000
      door   6670   6787   3112 0.496 0.682 0.403
     floor  27225   3225    314 0.894 0.989 0.885
      sofa     23     59   1573 0.280 0.014 0.014
     table   2607   1510   2659 0.633 0.495 0.385
      wall  34332  18561  11703 0.649 0.746 0.531
    window      0     73   1185 0.000 0.000 0.000
       all 114571  55769  55769 0.673 0.673 0.507
       avg 114571  55769  55769 0.454 0.396 0.301
Restored network from models/dynamic_embedding/sgpn_model4.ckpt
Avg Comp Time: 0.018
CPU Mem: 3.23
GPU Mem: 27.4
NMI: 0.777 AMI: 0.594 ARS: 0.112 67880/1553 clusters
     CLASS     TP     FP     FN  PREC  RECL   IOU
      beam      0    846    637 0.000 0.000 0.000
     board    102   4586   1763 0.022 0.055 0.016
  bookcase   1214   1904  19369 0.389 0.059 0.054
   ceiling  57629  33118   8598 0.635 0.870 0.580
     chair   5359  13977  10297 0.277 0.342 0.181
   clutter  18178  39531  31407 0.315 0.367 0.204
    column     19     30   8652 0.388 0.002 0.002
      door  16212  16438  14776 0.497 0.523 0.342
     floor  63729  10213    139 0.862 0.998 0.860
      sofa      4     84   2583 0.045 0.002 0.001
     table   4058   6854   6634 0.372 0.380 0.231
      wall  73485  36730  50675 0.667 0.592 0.457
    window     34    990   9771 0.033 0.003 0.003
       all 240023 165301 165301 0.592 0.592 0.421
       avg 240023 165301 165301 0.346 0.322 0.226
Restored network from models/dynamic_embedding/sgpn_model6.ckpt
Avg Comp Time: 0.018
CPU Mem: 3.24
GPU Mem: 26.4
NMI: 0.791 AMI: 0.632 ARS: 0.138 66896/1655 clusters
     CLASS     TP     FP     FN  PREC  RECL   IOU
      beam    389    247  17457 0.612 0.022 0.022
     board    201    692   6320 0.225 0.031 0.028
  bookcase   2547   1602  12904 0.614 0.165 0.149
   ceiling  65031  27805   3770 0.700 0.945 0.673
     chair  10233  19667   9552 0.342 0.517 0.259
   clutter  21046  38113  29367 0.356 0.417 0.238
    column     93    243  11846 0.277 0.008 0.008
      door  16887  14055   9397 0.546 0.642 0.419
     floor  57187   7033    575 0.890 0.990 0.883
      sofa    185   1816   1817 0.092 0.092 0.048
     table   9284   3700  13181 0.715 0.413 0.355
      wall  67545  39412  30344 0.632 0.690 0.492
    window      0    500   8355 0.000 0.000 0.000
       all 250628 154885 154885 0.618 0.618 0.447
       avg 250628 154885 154885 0.462 0.379 0.275
