-19.00 -0.30
-19.20 0.80
-18.30 2.00
-17.40 2.50
-16.30 2.50
-14.50 2.40
-15.20 -0.60
-15.80 0.10
-13.20 2.30
-12.50 1.10
-12.70 0.20
-12.20 -0.90
-9.20 -0.80
-10.10 -0.80
-9.90 1.90
-9.00 1.80
-9.80 4.00
-12.10 4.90
-10.30 5.00
-7.50 5.10
-16.30 3.90
-16.10 4.70
-19.50 5.10
-18.30 4.60
-18.60 5.50
-14.60 7.30
-13.90 7.50
-18.60 6.80
-18.40 7.60
-19.40 7.80
-20.40 7.80
-18.70 8.20
-17.50 8.30
-16.20 7.80
-16.80 8.60
-14.50 8.60
-13.90 9.90
-14.40 4.90
-12.80 10.00
-12.10 10.60
-10.70 10.50
-15.90 10.20
-16.90 10.20
-18.30 10.10
-19.20 9.70
-14.50 11.20
-14.50 12.80
-14.70 14.10
-14.70 15.60
-19.90 12.90
-19.50 14.70
-18.60 14.60
-19.00 14.00
-18.50 13.50
-17.30 13.60
-16.90 14.50
-15.90 16.10
-17.30 16.30
-18.30 15.80
-19.80 15.70
-19.40 16.30
-17.90 17.60
-16.10 17.00
-14.70 16.50
-15.20 17.60
-14.90 18.80
-13.90 20.20
-16.40 20.50
-17.90 18.90
-17.80 19.80
-19.80 20.40
-19.30 21.00
-18.30 20.40
-21.90 44.50
-22.10 43.20
-21.00 43.20
-20.40 43.40
-19.70 43.20
-19.00 43.30
-17.90 43.00
-16.50 42.30
-14.50 42.50
-16.60 40.10
-18.30 40.60
-19.30 40.00
-19.60 37.90
-18.50 37.40
-17.70 37.40
-16.40 38.40
-15.90 37.90
-16.00 39.00
-14.30 40.30
-14.90 38.80
-10.90 37.30
-10.90 38.30
-12.30 38.30
-13.20 38.90
-14.50 37.70
-14.60 35.70
-14.40 34.60
-15.70 34.60
-18.60 34.60
-20.40 34.60
-15.70 32.10
-16.60 32.80
-18.50 32.10
-19.50 31.10
-14.30 32.80
-14.40 30.70
-14.30 28.80
-14.40 26.80
-15.60 25.90
-15.60 24.10
-15.20 22.00
-14.60 22.80
-17.40 22.70
-19.70 22.00
-18.60 22.20
-17.20 25.40
-19.60 26.60
-18.40 26.80
-17.10 26.40
-3.10 -0.60
-4.10 0.50
-0.10 0.00
0.30 1.10
-0.50 2.10
-2.10 2.30
-3.80 2.30
-4.50 3.20
-4.70 4.90
-4.80 6.60
-0.20 4.40
-0.30 5.40
-1.70 4.70
-3.10 5.00
-3.20 7.70
-1.90 7.80
0.20 7.50
-4.70 8.50
-4.90 10.00
-8.20 9.80
-6.70 10.40
-2.20 10.40
-1.00 10.90
-3.30 10.30
-4.80 11.20
-4.90 13.00
-4.90 14.40
-3.20 14.10
-2.20 13.80
-2.20 14.60
-0.20 14.10
-1.40 14.00
-4.80 16.10
-1.90 16.50
-0.30 16.70
-4.60 18.10
-4.70 19.70
-4.80 21.60
-6.10 21.30
-4.40 23.40
-4.60 24.90
-4.70 26.60
-4.80 28.00
-4.80 29.50
-4.60 32.30
-4.70 33.50
-4.70 35.70
-4.70 37.60
-4.70 39.80
-4.70 41.30
-4.60 42.30
-4.60 44.30
-0.60 42.20
-0.40 40.80
0.90 40.90
0.00 43.70
-0.30 44.70
-1.00 44.20
-0.80 42.90
-1.70 41.00
-2.70 41.00
-3.30 37.90
-2.30 37.90
-3.20 38.80
-0.80 38.60
0.50 38.70
1.20 35.30
-0.20 35.00
-1.40 35.30
-1.70 34.60
-2.40 34.70
-3.20 34.60
-3.40 33.50
-1.90 32.80
-1.50 31.80
-3.10 32.20
0.50 32.10
0.70 28.80
0.00 29.20
-2.00 28.80
-3.20 28.80
-0.30 26.20
-1.50 26.10
-2.70 26.10
0.40 19.00
-1.00 19.00
-2.60 19.00
-2.80 20.60
-3.00 22.20
-1.20 23.30
-0.30 23.40
-6.80 13.30
-11.80 13.50
-10.60 14.00
-7.80 14.10
-11.80 14.80
-11.80 16.50
-11.70 19.50
-10.20 19.70
-7.50 19.10
-7.40 16.90
-7.50 15.80
-7.50 20.50
-11.30 22.40
-7.90 23.10
-9.70 23.20
-10.60 24.80
-10.20 26.20
-8.70 25.50
-9.10 26.60
-6.70 32.10
-8.00 32.30
-11.60 31.40
-10.60 32.30
-8.00 29.70
-8.00 28.90
-10.20 29.70
-9.70 31.10
